LbotAOX1	LbotAOX1	100.000	1290	0	0	1	1290	1	1290	0.0	2688
LbotAOX2	LbotAOX2	100.000	1275	0	0	1	1275	1	1275	0.0	2653
LbotAOX3	LbotAOX3	100.000	1260	0	0	1	1260	1	1260	0.0	2630
LbotAOX4	LbotAOX4	100.000	1031	0	0	1	1031	1	1031	0.0	2147
EsemAOX1	EsemAOX1	100.000	1278	0	0	1	1278	1	1278	0.0	2675
CmedAOX1	CmedAOX1	100.000	1284	0	0	1	1284	1	1284	0.0	2666
CmedAOX2	CmedAOX2	100.000	1282	0	0	1	1282	1	1282	0.0	2675
CmedAOX3	CmedAOX3	100.000	1262	0	0	1	1262	1	1262	0.0	2629
CmedAOX4	CmedAOX4	100.000	1258	0	0	1	1258	1	1258	0.0	2624
SinfAOX1	SinfAOX1	100.000	1283	0	0	1	1283	1	1283	0.0	2676
SinfAOX2	SinfAOX2	100.000	1288	0	0	1	1288	1	1288	0.0	2685
SinfAOX3	SinfAOX3	100.000	1267	0	0	1	1267	1	1267	0.0	2625
